 
10.81	   
8.74	   
10.04	   
9.75	   
9.76	   
9.55	   
8.70	   
9.62	   
9.22	   
8.79	   
9.61	   
9.02	   
7.85	   
9.01	   
8.26	   
8.25	   
9.25	   
9.45	   
8.52	   
8.61	   
8.12	   
7.81	   
7.49	   
7.30	   
7.87	   
7.45	   
7.69	   
8.04	   
7.57	   
7.53	   
8.05	   
7.93	   
7.24	   
7.61	   
9.10	   
7.65	   
7.97	   
7.95	   
8.07	   
7.41	   
7.91	   
7.99	   
8.97	   
8.56	   
8.91	   
8.63	   
8.64	   
8.92	   
8.87	   
8.48	   
8.95	   
8.99	   
8.84	   
8.88	   
6.61	   
8.96	   
8.93	   
8.94	   
8.66	   
9.03	   
6.50	   
8.98	   
6.46	   
7.27	   
8.08	   
8.55	   
8.42	   
8.51	   
8.49	   
8.53	   
8.10	   
8.50	   
8.46	   
6.67	   
8.21	   
8.54	   
6.73	   
6.63	   
8.41	   
6.25	   
7.21	   
8.44	   
8.48	   
8.46	   
8.23	   
6.01	   
6.69	   
8.85	   
7.09	   
6.36	   
6.71	   
8.09	   
8.45	   
7.15	   
8.43	   
7.03	   
6.65	   
9.05	   
8.90	   
8.83	   
7.06	   
8.83	   
8.88	   
8.81	   
8.06	   
8.14	   
6.10	   
8.89	   
8.71	   
9.04	   
8.86	   
10.57	   
10.59	   
10.54	   
10.56	   
10.53	   
8.95	   
8.97	   
8.93	   
8.72	   
10.44	   
8.73	   
8.76	   
8.67	   
8.22	   
9.08	   
8.87	   
10.45	   
9.16	   
9.68	   
8.84	   
8.89	   
8.62	   
9.13	   
8.68	   
9.11	   
9.15	   
9.19	   
9.18	   
9.12	   
10.55	   
9.10	   
9.07	   
8.71	   
8.90	   
9.62	   
8.92	   
8.94	   
8.96	   
10.50	   
9.17	   
10.51	   
8.64	   
8.15	   
9.68	   
9.14	   
8.68	   
8.81	   
9.06	   
9.03	   
8.99	   
9.09	   
8.82	   
8.72	   
8.47	   
9.06	   
8.69	   
8.82	   
8.86	   
8.70	   
8.75	   
8.67	   
8.69	   
8.73	   
9.05	   
9.04	   
8.65	   
8.98	   
9.15	   
9.16	   
8.27	   
10.65	   
9.16	   
8.78	   
8.61	   
9.09	   
9.14	   
9.08	   
8.74	   
9.01	   
8.65	   
9.18	   
8.63	   
9.30	   
9.19	   
9.13	   
8.47	   
9.58	   
8.50	   
8.49	   
9.24	   
9.38	   
9.35	   
9.29	   
9.37	   
9.35	   
9.23	   
9.26	   
9.33	   
9.21	   
9.39	   
9.21	   
9.13	   
9.01	   
9.03	   
9.27	   
9.15	   
9.25	   
9.07	   
9.36	   
9.17	   
9.09	   
9.41	   
9.50	   
9.49	   
9.42	   
9.48	   
9.63	   
9.76	   
9.75	   
8.13	   
9.07	   
9.05	   
9.18	   
9.01	   
9.37	   
9.06	   
9.08	   
9.26	   
9.67	   
9.06	   
9.04	   
9.12	   
9.73	   
9.27	   
9.38	   
9.39	   
9.32	   
9.41	   
9.32	   
9.36	   
9.23	   
9.30	   
9.30	   
9.42	   
9.21	   
9.05	   
9.25	   
9.44	   
9.24	   
9.34	   
9.46	   
9.31	   
9.33	   
9.22	   
9.10	   
9.19	   
9.65	   
9.04	   
9.28	   
9.64	   
9.02	   
9.48	   
9.24	   
9.03	   
9.47	   
9.32	   
9.28	   
9.31	   
9.29	   
9.28	   
9.31	   
9.50	   
9.27	   
9.12	   
9.41	   
9.68	   
9.46	   
8.51	   
9.59	   
9.45	   
9.53	   
8.44	   
9.56	   
9.48	   
9.41	   
9.77	   
9.53	   
9.51	   
9.57	   
9.55	   
9.54	   
9.44	   
9.52	   
9.46	   
9.47	   
9.50	   
9.49	   
9.59	   
8.30	   
9.51	   
8.41	   
8.28	   
8.11	   
9.11	   
8.29	   
10.42	   
9.08	   
9.02	   
8.42	   
8.45	   
9.09	   
9.11	   
9.59	   
9.58	   
9.42	   
9.52	   
8.43	   
8.31	   
8.32	   
9.43	   
9.52	   
9.71	   
9.64	   
9.48	   
9.49	   
9.79	   
9.63	   
9.45	   
10.63	   
10.78	   
9.43	   
9.69	   
9.69	   
9.43	   
9.70	   
9.72	   
9.71	   
9.70	   
9.72	   
9.46	   
9.44	   
9.70	   
10.62	   
9.55	   
9.69	   
9.66	   
9.47	   
9.56	   
9.54	   
9.78	   
9.56	   
9.57	   
9.54	   
9.74	   
9.44	   
9.45	   
9.67	   
9.74	   
9.49	   
9.58	   
9.57	   
9.66	   
9.47	   
8.91	   
10.52	   
10.04	   
7.73	   
9.86	   
9.77	   
9.63	   
9.64	   
5.82	   
9.62	   
9.73	   
9.75	   
9.82	   
9.84	   
9.64	   
9.91	   
10.17	   
9.90	   
9.74	   
9.94	   
9.65	   
9.67	   
9.78	   
9.72	   
9.84	   
9.61	   
9.90	   
9.91	   
9.98	   
9.81	   
9.97	   
9.92	   
9.89	   
9.95	   
9.83	   
9.85	   
9.87	   
10.79	   
9.93	   
9.86	   
9.88	   
10.02	   
9.86	   
9.76	   
9.83	   
9.94	   
10.31	   
9.89	   
9.91	   
9.82	   
9.83	   
9.96	   
9.94	   
9.95	   
9.87	   
9.98	   
9.88	   
9.86	   
9.97	   
9.92	   
10.01	   
9.91	   
9.66	   
8.62	   
10.42	   
11.32	   
11.30	   
9.89	   
10.24	   
9.85	   
9.98	   
9.85	   
9.88	   
9.82	   
9.87	   
9.93	   
10.30	   
9.84	   
9.99	   
10.14	   
9.88	   
9.90	   
10.11	   
10.17	   
10.10	   
9.97	   
9.95	   
9.96	   
9.81	   
10.33	   
9.83	   
10.15	   
9.99	   
10.37	   
9.99	   
9.81	   
11.15	   
10.05	   
10.15	   
10.06	   
10.02	   
10.12	   
10.22	   
10.01	   
10.08	   
10.13	   
10.39	   
10.36	   
10.07	   
10.14	   
10.10	   
10.07	   
10.19	   
10.13	   
10.21	   
10.27	   
10.01	   
10.02	   
10.37	   
10.12	   
10.19	   
10.05	   
10.22	   
10.35	   
10.33	   
10.38	   
10.28	   
10.20	   
10.03	   
10.06	   
10.04	   
10.38	   
10.21	   
10.30	   
10.34	   
10.23	   
10.09	   
10.32	   
10.06	   
10.05	   
10.16	   
10.11	   
10.44	   
11.29	   
10.03	   
9.84	   
10.26	   
10.31	   
10.24	   
11.49	   
10.27	   
10.03	   
10.67	   
11.51	   
10.69	   
10.25	   
10.18	   
10.09	   
10.16	   
11.28	   
9.82	   
10.52	   
9.92	   
11.53	   
10.28	   
10.21	   
10.29	   
11.37	   
10.53	   
11.36	   
10.46	   
10.55	   
10.45	   
11.56	   
10.56	   
11.55	   
11.58	   
11.34	   
11.65	   
10.49	   
12.37	   
10.27	   
10.47	   
12.22	   
11.77	   
11.33	   
11.78	   
12.07	   
11.16	   
11.14	   
10.58	   
10.64	   
10.63	   
10.24	   
10.65	   
10.61	   
10.64	   
10.62	   
10.48	   
10.66	   
11.64	   
10.76	   
9.81	   
10.72	   
11.20	   
10.97	   
10.91	   
10.89	   
10.91	   
11.72	   
10.95	   
10.21	   
10.49	   
11.27	   
10.93	   
13.88	   
10.38	   
12.49	   
10.40	   
10.25	   
10.29	   
10.41	   
10.30	   
10.37	   
10.28	   
10.35	   
10.41	   
10.22	   
10.43	   
10.75	   
10.83	   
12.43	   
10.23	   
10.39	   
10.77	   
10.87	   
10.94	   
10.31	   
10.70	   
11.10	   
10.76	   
10.71	   
10.82	   
11.11	   
10.73	   
10.77	   
10.98	   
8.57	   
9.71	   
11.19	   
10.49	   
10.43	   
10.41	   
10.48	   
10.46	   
9.65	   
10.61	   
10.47	   
10.92	   
10.87	   
10.85	   
11.66	   
10.32	   
10.26	   
11.74	   
10.86	   
10.23	   
10.99	   
11.75	   
11.68	   
10.88	   
11.18	   
10.25	   
10.68	   
11.17	   
11.08	   
10.90	   
10.90	   
10.75	   
10.74	   
11.13	   
10.96	   
10.42	   
10.36	   
10.57	   
10.72	   
10.46	   
10.74	   
9.43	   
8.24	   
11.07	   
10.08	   
9.26	   
10.71	   
9.78	   
10.69	   
9.34	   
11.50	   
10.88	   
10.25	   
9.89	   
11.73	   
10.68	   
11.69	   
10.32	   
9.29	   
9.79	   
10.18	   
10.51	   
10.66	   
9.53	   
11.31	   
9.96	   
9.02	   
9.73	   
11.12	   
7.12	   
10.29	   
9.87	   
11.70	   
11.09	   
10.35	   
10.47	   
10.45	   
10.67	   
10.70	   
9.51	   
10.73	   
9.77	   
10.44	   
10.26	   
10.58	   
8.77	   
9.07	   
10.48	   
9.23	   
9.85	   
5.85	   
9.93	   
9.50	   
9.14	   
9.90	   
10.36	   
9.62	   
10.33	   
10.59	   
10.34	   
11.35	   
10.43	   
9.22	   
11.71	   
11.76	   
10.34	   
9.42	   
11.67	   
9.17	   
10.39	   
10.86	   
11.52	   
11.57	   
10.50	   
7.83	   
10.24	   
10.84	   
10.89	   
10.22	   
11.54	   
13.82	   
9.65	   
9.61	   
8.85	   
8.66	   
11.26	   
10.23	   
10.54	   
7.89	   
9.63	 